nkN_do3fJ9xekchVC-v68A 0,1,2,3,4,5,6,7,8,9,10,11,12,13,14,15,16,17
GXn4ZsasLKh0qZ5g3nIqcQ 560,558,599,554,565,621,572,577,587,562,622,623,553,568,580,590
G5LXEaxhQMF_BVjNHkVr7g 648,649,650,651,652,653,0,69,654,655,656,657,73,658,7,659,660,661
c8qFkI_VusWo0xZvkjfBWQ 744,745,636,746,747,748,749,750,751,752,753,754,755,756,757,758
5F_ASUSCHFf3YotkKioZ5w 931,932,933,934,935,936,1,937,938,2,939,940,941,942,943,944,945,946,947,948
_W4y7ku6Q0uGoiI3ePtkgQ 1528,816,662,783,1682,649,87,688,1529,1683,682,1684,721,810,1685,1541
iYzbRy7B_Ho3NX-1rXvRLQ 1712,1055,1227,1713,1714,1715,1060,8,1716,762,1717,1718,1719,730,783,817
vDzJZHf1uF63LoG0DFZn2w 696,2639,2640,1000,82,688,2641,2642,855,827,649,1716,710,2643,2644,981,670,1024,2637,814
kj6DC1zzclaEnplX0HUC3g 2645,2646,746,2647,2648,2649,2650,2651,2652,2653,750,2654,2655,2656,2657,2658,2659,2660,2661
LgdmczjO47SjwwTrAjqJcw 1544,817,827,1549,743,1005,11,96,2812,69,1545,2638,87,845,2813,1937
5IX9FOesKrLRyz618xc6tw 669,657,2907,1716,2794,0,2729,2908,2764,2772,2738,2909,807,2874,762,2800
g1a4BCTywjBsgZLrs6rmDw 2910,781,2134,1057,1046,2911,1064,1250,1478,2912,2913,1482,2914,2915,1042,2916,2422,1982,2917,2918
WdH8pzmTvPyFucmrfI0bUA 2919,592,568,563,572,1677,1679,994,582,992,2920,1668,2921,1675,2922,2923,2924
WMfPxXHWEmz3ggD89Q1Osg 2969,1473,2970,2971,2972,1593,2973,1654,1051,1109,2974,909,1797,1066,1048,1611
itmb9uAolzQnmEBDlV24qQ 1310,597,985,838,576,608,574,1680,558,1679,598,3088,554,573,3089,3090,836,566,3091,3092
H-LOkNSBBOrGPQOruqx74w 722,3332,0,786,760,8,669,1548,654,657,2792,1550,16,649,827,710,2812,1551,709
Dd-TkEszFMkSF-vRih51fQ 1187,3346,893,1208,662,656,3347,3348,648,3349,3350,3351,3352,3353,3354,3355
vdPSyG4sNtIdbOqT6BHn6Q 3463,3464,3465,3466,3467,3468,984,3469,3470,3471,3472,3089,3473,2920,3474,3475,3476,3477
PNa2-EjHe_ApIgZXD6kxBg 87,694,8,3478,3167,3479,93,3480,657,1684,827,824,3481,2766,3429,1005,826
qMabWPEZJMtEkQ6EQu6RDw 3702,2357,1377,1385,3703,1097,2310,1053,1104,3704,2125,3705,3706,3707,3708,1879,3709
