24330 192,93,1456,1457,52,1458,1459,1460,1461
4710 372,619,3110,1292,3111,3112,3113,367,3114,3115
14 187,369,3530,3531,1072,3532,2798,3533,3534,3535,3536
114969 4237,4238,4239,4240,2334,4241,4242,242,261,4243,4244,4245
6747 714,4428,2051,1937,4429,4430,4431,3533
147 4672,4673,4674,978,2432,2437,4675,3191,4676,4677,4678,4679
35865 5013,5014,5015,2323,5016,4519,1569,2362,2071
467 5057,1708,473,5058,5059,621,3107,552
10714 5563,2886,5564,5565,4598,5566,5567,5568,5569,5570,5571,5572
116710 5573,1321,3462,5574,5575,5576,5577,5578
64122 691,6086,2525,397,192,369,6087,792,559,662,656,1030
152167 6117,5343,6118,5258,6119,6120,5452,6121,6122,4946,6123,6124
126255 6450,6451,6452,5162,6453,4191,6454,6455,4192
4459 6657,3970,3833,2926,4203,1463,729,3920,6658
4227 1970,4106,466,4214,8014,628,1969,8015,2371
10748 8016,8017,7974,8018,8019,8020,5013,8021,8022,8023,6589,205
112878 7015,8190,8191,8192,8193,5111,8194,8195
612 7599,66,7586,5982,8196,978,3191,8197
74384 5763,8301,2345,1475,203,1477,764,4629
36255 127,332,6274,8342,5063,8160,5062,6276,6320,6341
